Time(s)    | Altitude (m)  | Velocity (m/s)    | Fuel (units) 
0           |1000.000000           |0.000000           |500
1           |998.270000           |-1.730000           |498
2           |998.810000           |0.540000           |492
3           |1002.620000           |3.810000           |485
4           |1002.700000           |0.080000           |485
5           |999.050000           |-3.650000           |485
6           |991.670000           |-7.380000           |485
7           |980.560000           |-11.110000           |485
8           |965.720000           |-14.840000           |485
9           |947.150000           |-18.570000           |485
10           |924.850000           |-22.300000           |485
11           |898.820000           |-26.030000           |485
12           |869.060000           |-29.760000           |485
13           |835.570000           |-33.490000           |485
14           |798.350000           |-37.220000           |485
15           |757.400000           |-40.950000           |485
16           |712.720000           |-44.680000           |485
17           |664.310000           |-48.410000           |485
18           |612.170000           |-52.140000           |485
19           |556.300000           |-55.870000           |485
20           |496.700000           |-59.600000           |485
21           |433.370000           |-63.330000           |485
22           |366.310000           |-67.060000           |485
23           |295.520000           |-70.790000           |485
24           |221.000000           |-74.520000           |485
25           |142.750000           |-78.250000           |485
26           |67.770000           |-74.980000           |478
27           |-4.940000           |-72.710000           |472
